=== results/A_problem1_coupled/result1.xlsx ===
  sheet='温度' max_row=1802 max_col=22
  row1: ['时间\\到药材中心的距离', 0, 0.1, 0.2, 0.3, 0.4, 0.5, 0.6, 0.7, 0.8, 0.9, 1, 1.1, 1.2, 1.3, 1.4, 1.5, 1.6, 1.7, 1.8, 1.9, 2]
  row2: [0, 28, 28, 28, 28, 28, 28, 28]
  lastrow: [1800, 33.5756, 33.5835, 33.6071, 33.6464, 33.7015, 33.7723, 33.8589]
  sheet='水分浓度' max_row=1802 max_col=22
  row1: ['时间\\到药材中心的距离', 0, 0.1, 0.2, 0.3, 0.4, 0.5, 0.6, 0.7, 0.8, 0.9, 1, 1.1, 1.2, 1.3, 1.4, 1.5, 1.6, 1.7, 1.8, 1.9, 2]
  row2: [0, 2.55, 2.55, 2.55, 2.55, 2.55, 2.55, 2.55]
  lastrow: [1800, 2.55, 2.55, 2.55, 2.5499, 2.5499, 2.5497, 2.5494]

=== results/A_problem3_drying_time/result3.xlsx ===
  sheet='Sheet1' max_row=3452 max_col=22
  row1: ['时间\\到药材中心的距离', 0, 0.1, 0.2, 0.3, 0.4, 0.5, 0.6, 0.7, 0.8, 0.9, 1, 1.1, 1.2, 1.3, 1.4, 1.5, 1.6, 1.7, 1.8, 1.9, 2]
  row2: [60, 2.55, 2.55, 2.55, 2.55, 2.55, 2.55, 2.55]
  lastrow: [207017, 0.15, 0.1499, 0.1496, 0.1492, 0.1485, 0.1477, 0.1466]

=== results/A_problem4_shrinkage/result4.xlsx ===
  sheet='Sheet1' max_row=3069 max_col=23
  row1: ['时间\\到药材中心的距离', 0, 0.1, 0.2, 0.3, 0.4, 0.5, 0.6, 0.7, 0.8, 0.9, 1, 1.1, 1.2, 1.3, 1.4, 1.5, 1.6, 1.7, 1.8, 1.9, 2, '药材表面']
  row2: [60, 2.55, 2.55, 2.55, 2.55, 2.55, 2.55, 2.55]
  lastrow: [184022, 0.15, 0.1497, 0.1486, 0.1469, 0.1445, 0.1413, 0.1372]
