=== results/submission/result1.xlsx ===
  温度: 1801 x 22, row1=['时间\\到药材中心的距离', 0, 0.1, 0.2, 0.3, 0.4, 0.5, 0.6, 0.7, 0.8, 0.9, 1, 1.1, 1.2, 1.3, 1.4, 1.5, 1.6, 1.7, 1.8, 1.9, 2]
  row2: [1, 28, 28, 28, 28, 28, 28, 28, 28, 28, 28, 28, 28, 28, 28, 28, 28, 28, 28, 28, 28, 28.0002]
  last: [1800, 33.5756, 33.5835, 33.6071, 33.6464, 33.7015, 33.7723, 33.8589, 33.9614, 34.0797, 34.214, 34.3644, 34.531, 34.7139, 34.9133, 35.1294, 35.3624, 35.6124, 35.8796, 36.1642, 36.4662, 36.7857]
  水分浓度: 1801 x 22, row1=['时间\\到药材中心的距离', 0, 0.1, 0.2, 0.3, 0.4, 0.5, 0.6, 0.7, 0.8, 0.9, 1, 1.1, 1.2, 1.3, 1.4, 1.5, 1.6, 1.7, 1.8, 1.9, 2]
  row2: [1, 2.55, 2.55, 2.55, 2.55, 2.55, 2.55, 2.55, 2.55, 2.55, 2.55, 2.55, 2.55, 2.55, 2.55, 2.55, 2.55, 2.55, 2.55, 2.55, 2.55, 2.5182]
  last: [1800, 2.55, 2.55, 2.55, 2.5499, 2.5499, 2.5497, 2.5494, 2.5486, 2.547, 2.544, 2.5383, 2.5281, 2.5109, 2.4829, 2.4396, 2.3754, 2.2841, 2.1591, 1.9937, 1.7806, 1.5102]
=== results/submission/result4.xlsx ===
  Sheet1: 3069 x 23, row1=['时间\\到药材中心的距离', 0, 0.1, 0.2, 0.3, 0.4, 0.5, 0.6, 0.7, 0.8, 0.9, 1, 1.1, 1.2, 1.3, 1.4, 1.5, 1.6, 1.7, 1.8, 1.9, 2, '药材表面']
  row2: [60, 2.55, 2.55, 2.55, 2.55, 2.55, 2.55, 2.55, 2.55, 2.55, 2.55, 2.55, 2.55, 2.55, 2.55, 2.55, 2.55, 2.55, 2.55, 2.55, 2.5485, None, 2.0805]
  last: [184022, 0.15, 0.1497, 0.1486, 0.1469, 0.1445, 0.1413, 0.1372, 0.1321, 0.1259, 0.1181, 0.1081, 0.0936, 0.0526, None, None, None, None, None, None, None, None, 0.0526]